
     RDKit          3D

 48 50  0  0  0  0  0  0  0  0999 V2000
   -5.5824   -2.5098   -1.5184 C   0  0  0  0  0  0  0  0  0  0  0  0
   -5.3324   -1.0551   -1.2480 C   0  0  0  0  0  0  0  0  0  0  0  0
   -6.3608   -0.1228   -1.3758 C   0  0  0  0  0  0  0  0  0  0  0  0
   -6.1249    1.2207   -1.0916 C   0  0  0  0  0  0  0  0  0  0  0  0
   -4.8592    1.6586   -0.6641 C   0  0  0  0  0  0  0  0  0  0  0  0
   -3.8141    0.7197   -0.5166 C   0  0  0  0  0  0  0  0  0  0  0  0
   -4.0704   -0.6269   -0.8069 C   0  0  0  0  0  0  0  0  0  0  0  0
   -2.5471    1.1760   -0.0771 N   0  0  0  0  0  0  0  0  0  0  0  0
   -1.3909    0.4323    0.1268 C   0  0  0  0  0  0  0  0  0  0  0  0
   -1.2577   -0.7757   -0.0489 O   0  0  0  0  0  0  0  0  0  0  0  0
   -0.2286    1.3151    0.6029 C   0  0  0  0  0  0  0  0  0  0  0  0
    0.9269    0.4956    0.8741 N   0  0  0  0  0  0  0  0  0  0  0  0
    1.8234    0.0877   -0.0735 C   0  0  0  0  0  0  0  0  0  0  0  0
    1.8374    0.4592   -1.2415 O   0  0  0  0  0  0  0  0  0  0  0  0
    2.7855   -0.9438    0.5678 C   0  0  1  0  0  0  0  0  0  0  0  0
    2.2788   -0.9130    1.9266 N   0  0  0  0  0  0  0  0  0  0  0  0
    1.1538   -0.1359    2.0525 C   0  0  0  0  0  0  0  0  0  0  0  0
    0.4925   -0.0545    3.0738 O   0  0  0  0  0  0  0  0  0  0  0  0
    2.5284   -2.3249   -0.0421 C   0  0  0  0  0  0  0  0  0  0  0  0
    4.2492   -0.5192    0.4663 C   0  0  0  0  0  0  0  0  0  0  0  0
    4.8550   -0.3727   -0.7965 C   0  0  0  0  0  0  0  0  0  0  0  0
    6.1945    0.0105   -0.9206 C   0  0  0  0  0  0  0  0  0  0  0  0
    6.9611    0.2562    0.2188 C   0  0  0  0  0  0  0  0  0  0  0  0
    6.3795    0.1181    1.4805 C   0  0  0  0  0  0  0  0  0  0  0  0
    5.0386   -0.2652    1.6023 C   0  0  0  0  0  0  0  0  0  0  0  0
    8.3334    0.6513    0.0956 C   0  0  0  0  0  0  0  0  0  0  0  0
    9.4451    0.9705   -0.0011 N   0  0  0  0  0  0  0  0  0  0  0  0
   -4.6784    3.1253   -0.3768 C   0  0  0  0  0  0  0  0  0  0  0  0
   -4.6922   -2.9851   -1.9438 H   0  0  0  0  0  0  0  0  0  0  0  0
   -6.3957   -2.6409   -2.2398 H   0  0  0  0  0  0  0  0  0  0  0  0
   -5.8500   -3.0223   -0.5893 H   0  0  0  0  0  0  0  0  0  0  0  0
   -7.3515   -0.4351   -1.6978 H   0  0  0  0  0  0  0  0  0  0  0  0
   -6.9438    1.9284   -1.2050 H   0  0  0  0  0  0  0  0  0  0  0  0
   -3.2973   -1.3812   -0.6975 H   0  0  0  0  0  0  0  0  0  0  0  0
   -2.4805    2.1666    0.1112 H   0  0  0  0  0  0  0  0  0  0  0  0
    0.0109    2.0369   -0.1847 H   0  0  0  0  0  0  0  0  0  0  0  0
   -0.5285    1.8366    1.5177 H   0  0  0  0  0  0  0  0  0  0  0  0
    2.5293   -1.5659    2.6562 H   0  0  0  0  0  0  0  0  0  0  0  0
    3.1206   -3.0950    0.4657 H   0  0  0  0  0  0  0  0  0  0  0  0
    1.4730   -2.6107    0.0455 H   0  0  0  0  0  0  0  0  0  0  0  0
    2.7799   -2.3559   -1.1077 H   0  0  0  0  0  0  0  0  0  0  0  0
    4.2814   -0.5443   -1.7081 H   0  0  0  0  0  0  0  0  0  0  0  0
    6.6272    0.1199   -1.9136 H   0  0  0  0  0  0  0  0  0  0  0  0
    6.9622    0.3108    2.3801 H   0  0  0  0  0  0  0  0  0  0  0  0
    4.6254   -0.3539    2.6051 H   0  0  0  0  0  0  0  0  0  0  0  0
   -4.4022    3.2757    0.6718 H   0  0  0  0  0  0  0  0  0  0  0  0
   -5.5993    3.6908   -0.5566 H   0  0  0  0  0  0  0  0  0  0  0  0
   -3.9048    3.5471   -1.0266 H   0  0  0  0  0  0  0  0  0  0  0  0
  1  2  1  0
  2  3  2  0
  3  4  1  0
  4  5  2  0
  5  6  1  0
  6  7  2  0
  6  8  1  0
  8  9  1  0
  9 10  2  0
  9 11  1  0
 11 12  1  0
 12 13  1  0
 13 14  2  0
 13 15  1  0
 15 16  1  0
 16 17  1  0
 17 18  2  0
 15 19  1  6
 15 20  1  0
 20 21  2  0
 21 22  1  0
 22 23  2  0
 23 24  1  0
 24 25  2  0
 23 26  1  0
 26 27  3  0
  5 28  1  0
  7  2  1  0
 17 12  1  0
 25 20  1  0
  1 29  1  0
  1 30  1  0
  1 31  1  0
  3 32  1  0
  4 33  1  0
  7 34  1  0
  8 35  1  0
 11 36  1  0
 11 37  1  0
 16 38  1  0
 19 39  1  0
 19 40  1  0
 19 41  1  0
 21 42  1  0
 22 43  1  0
 24 44  1  0
 25 45  1  0
 28 46  1  0
 28 47  1  0
 28 48  1  0
M  END
